-9223372036854775808 -9223372036854775808
-9223372036854775808 -9223372036854775807
-9223372036854775808 -9223372036854775806
-9223372036854775808 -9223372036854775805
-9223372036854775808 -9223372036854775803
-9223372036854775808 -9223372036854775801
-9223372036854775808 -4611686018427387904
-9223372036854775808 -4611686018427387903
-9223372036854775808 -1000000000000000001
-9223372036854775808 -1000000007
-9223372036854775808 -9007199254740993
-9223372036854775808 -9007199254740992
-9223372036854775808 -17
-9223372036854775808 -7
-9223372036854775808 -3
-9223372036854775808 -2
-9223372036854775808 1
-9223372036854775808 2
-9223372036854775808 3
-9223372036854775808 7
-9223372036854775808 17
-9223372036854775808 9007199254740992
-9223372036854775808 9007199254740993
-9223372036854775808 1000000007
-9223372036854775808 1000000000000000001
-9223372036854775808 4611686018427387903
-9223372036854775808 4611686018427387904
-9223372036854775808 9223372036854775806
-9223372036854775808 9223372036854775807
-9223372036854775807 -9223372036854775808
-9223372036854775807 -9223372036854775807
-9223372036854775807 -9223372036854775806
-9223372036854775807 -9223372036854775805
-9223372036854775807 -9223372036854775803
-9223372036854775807 -9223372036854775801
-9223372036854775807 -4611686018427387904
-9223372036854775807 -4611686018427387903
-9223372036854775807 -1000000000000000001
-9223372036854775807 -1000000007
-9223372036854775807 -9007199254740993
-9223372036854775807 -9007199254740992
-9223372036854775807 -17
-9223372036854775807 -7
-9223372036854775807 -3
-9223372036854775807 -2
-9223372036854775807 -1
-9223372036854775807 1
-9223372036854775807 2
-9223372036854775807 3
-9223372036854775807 7
-9223372036854775807 17
-9223372036854775807 9007199254740992
-9223372036854775807 9007199254740993
-9223372036854775807 1000000007
-9223372036854775807 1000000000000000001
-9223372036854775807 4611686018427387903
-9223372036854775807 4611686018427387904
-9223372036854775807 9223372036854775806
-9223372036854775807 9223372036854775807
-9223372036854775806 -9223372036854775808
-9223372036854775806 -9223372036854775807
-9223372036854775806 -9223372036854775806
-9223372036854775806 -9223372036854775805
-9223372036854775806 -9223372036854775803
-9223372036854775806 -9223372036854775801
-9223372036854775806 -4611686018427387904
-9223372036854775806 -4611686018427387903
-9223372036854775806 -1000000000000000001
-9223372036854775806 -1000000007
-9223372036854775806 -9007199254740993
-9223372036854775806 -9007199254740992
-9223372036854775806 -17
-9223372036854775806 -7
-9223372036854775806 -3
-9223372036854775806 -2
-9223372036854775806 -1
-9223372036854775806 1
-9223372036854775806 2
-9223372036854775806 3
-9223372036854775806 7
-9223372036854775806 17
-9223372036854775806 9007199254740992
-9223372036854775806 9007199254740993
-9223372036854775806 1000000007
-9223372036854775806 1000000000000000001
-9223372036854775806 4611686018427387903
-9223372036854775806 4611686018427387904
-9223372036854775806 9223372036854775806
-9223372036854775806 9223372036854775807
-9223372036854775805 -9223372036854775808
-9223372036854775805 -9223372036854775807
-9223372036854775805 -9223372036854775806
-9223372036854775805 -9223372036854775805
-9223372036854775805 -9223372036854775803
-9223372036854775805 -9223372036854775801
-9223372036854775805 -4611686018427387904
-9223372036854775805 -4611686018427387903
-9223372036854775805 -1000000000000000001
-9223372036854775805 -1000000007
-9223372036854775805 -9007199254740993
-9223372036854775805 -9007199254740992
-9223372036854775805 -17
-9223372036854775805 -7
-9223372036854775805 -3
-9223372036854775805 -2
-9223372036854775805 -1
-9223372036854775805 1
-9223372036854775805 2
-9223372036854775805 3
-9223372036854775805 7
-9223372036854775805 17
-9223372036854775805 9007199254740992
-9223372036854775805 9007199254740993
-9223372036854775805 1000000007
-9223372036854775805 1000000000000000001
-9223372036854775805 4611686018427387903
-9223372036854775805 4611686018427387904
-9223372036854775805 9223372036854775806
-9223372036854775805 9223372036854775807
-9223372036854775803 -9223372036854775808
-9223372036854775803 -9223372036854775807
-9223372036854775803 -9223372036854775806
-9223372036854775803 -9223372036854775805
-9223372036854775803 -9223372036854775803
-9223372036854775803 -9223372036854775801
-9223372036854775803 -4611686018427387904
-9223372036854775803 -4611686018427387903
-9223372036854775803 -1000000000000000001
-9223372036854775803 -1000000007
-9223372036854775803 -9007199254740993
-9223372036854775803 -9007199254740992
-9223372036854775803 -17
-9223372036854775803 -7
-9223372036854775803 -3
-9223372036854775803 -2
-9223372036854775803 -1
-9223372036854775803 1
-9223372036854775803 2
-9223372036854775803 3
-9223372036854775803 7
-9223372036854775803 17
-9223372036854775803 9007199254740992
-9223372036854775803 9007199254740993
-9223372036854775803 1000000007
-9223372036854775803 1000000000000000001
-9223372036854775803 4611686018427387903
-9223372036854775803 4611686018427387904
-9223372036854775803 9223372036854775806
-9223372036854775803 9223372036854775807
-9223372036854775801 -9223372036854775808
-9223372036854775801 -9223372036854775807
-9223372036854775801 -9223372036854775806
-9223372036854775801 -9223372036854775805
-9223372036854775801 -9223372036854775803
-9223372036854775801 -9223372036854775801
-9223372036854775801 -4611686018427387904
-9223372036854775801 -4611686018427387903
-9223372036854775801 -1000000000000000001
-9223372036854775801 -1000000007
-9223372036854775801 -9007199254740993
-9223372036854775801 -9007199254740992
-9223372036854775801 -17
-9223372036854775801 -7
-9223372036854775801 -3
-9223372036854775801 -2
-9223372036854775801 -1
-9223372036854775801 1
-9223372036854775801 2
-9223372036854775801 3
-9223372036854775801 7
-9223372036854775801 17
-9223372036854775801 9007199254740992
-9223372036854775801 9007199254740993
-9223372036854775801 1000000007
-9223372036854775801 1000000000000000001
-9223372036854775801 4611686018427387903
-9223372036854775801 4611686018427387904
-9223372036854775801 9223372036854775806
-9223372036854775801 9223372036854775807
-4611686018427387904 -9223372036854775808
-4611686018427387904 -9223372036854775807
-4611686018427387904 -9223372036854775806
-4611686018427387904 -9223372036854775805
-4611686018427387904 -9223372036854775803
-4611686018427387904 -9223372036854775801
-4611686018427387904 -4611686018427387904
-4611686018427387904 -4611686018427387903
-4611686018427387904 -1000000000000000001
-4611686018427387904 -1000000007
-4611686018427387904 -9007199254740993
-4611686018427387904 -9007199254740992
-4611686018427387904 -17
-4611686018427387904 -7
-4611686018427387904 -3
-4611686018427387904 -2
-4611686018427387904 -1
-4611686018427387904 1
-4611686018427387904 2
-4611686018427387904 3
-4611686018427387904 7
-4611686018427387904 17
-4611686018427387904 9007199254740992
-4611686018427387904 9007199254740993
-4611686018427387904 1000000007
-4611686018427387904 1000000000000000001
-4611686018427387904 4611686018427387903
-4611686018427387904 4611686018427387904
-4611686018427387904 9223372036854775806
-4611686018427387904 9223372036854775807
-4611686018427387903 -9223372036854775808
-4611686018427387903 -9223372036854775807
-4611686018427387903 -9223372036854775806
-4611686018427387903 -9223372036854775805
-4611686018427387903 -9223372036854775803
-4611686018427387903 -9223372036854775801
-4611686018427387903 -4611686018427387904
-4611686018427387903 -4611686018427387903
-4611686018427387903 -1000000000000000001
-4611686018427387903 -1000000007
-4611686018427387903 -9007199254740993
-4611686018427387903 -9007199254740992
-4611686018427387903 -17
-4611686018427387903 -7
-4611686018427387903 -3
-4611686018427387903 -2
-4611686018427387903 -1
-4611686018427387903 1
-4611686018427387903 2
-4611686018427387903 3
-4611686018427387903 7
-4611686018427387903 17
-4611686018427387903 9007199254740992
-4611686018427387903 9007199254740993
-4611686018427387903 1000000007
-4611686018427387903 1000000000000000001
-4611686018427387903 4611686018427387903
-4611686018427387903 4611686018427387904
-4611686018427387903 9223372036854775806
-4611686018427387903 9223372036854775807
-1000000000000000001 -9223372036854775808
-1000000000000000001 -9223372036854775807
-1000000000000000001 -9223372036854775806
-1000000000000000001 -9223372036854775805
-1000000000000000001 -9223372036854775803
-1000000000000000001 -9223372036854775801
-1000000000000000001 -4611686018427387904
-1000000000000000001 -4611686018427387903
-1000000000000000001 -1000000000000000001
-1000000000000000001 -1000000007
-1000000000000000001 -9007199254740993
-1000000000000000001 -9007199254740992
-1000000000000000001 -17
-1000000000000000001 -7
-1000000000000000001 -3
-1000000000000000001 -2
-1000000000000000001 -1
-1000000000000000001 1
-1000000000000000001 2
-1000000000000000001 3
-1000000000000000001 7
-1000000000000000001 17
-1000000000000000001 9007199254740992
-1000000000000000001 9007199254740993
-1000000000000000001 1000000007
-1000000000000000001 1000000000000000001
-1000000000000000001 4611686018427387903
-1000000000000000001 4611686018427387904
-1000000000000000001 9223372036854775806
-1000000000000000001 9223372036854775807
-1000000007 -9223372036854775808
-1000000007 -9223372036854775807
-1000000007 -9223372036854775806
-1000000007 -9223372036854775805
-1000000007 -9223372036854775803
-1000000007 -9223372036854775801
-1000000007 -4611686018427387904
-1000000007 -4611686018427387903
-1000000007 -1000000000000000001
-1000000007 -1000000007
-1000000007 -9007199254740993
-1000000007 -9007199254740992
-1000000007 -17
-1000000007 -7
-1000000007 -3
-1000000007 -2
-1000000007 -1
-1000000007 1
-1000000007 2
-1000000007 3
-1000000007 7
-1000000007 17
-1000000007 9007199254740992
-1000000007 9007199254740993
-1000000007 1000000007
-1000000007 1000000000000000001
-1000000007 4611686018427387903
-1000000007 4611686018427387904
-1000000007 9223372036854775806
-1000000007 9223372036854775807
-9007199254740993 -9223372036854775808
-9007199254740993 -9223372036854775807
-9007199254740993 -9223372036854775806
-9007199254740993 -9223372036854775805
-9007199254740993 -9223372036854775803
-9007199254740993 -9223372036854775801
-9007199254740993 -4611686018427387904
-9007199254740993 -4611686018427387903
-9007199254740993 -1000000000000000001
-9007199254740993 -1000000007
-9007199254740993 -9007199254740993
-9007199254740993 -9007199254740992
-9007199254740993 -17
-9007199254740993 -7
-9007199254740993 -3
-9007199254740993 -2
-9007199254740993 -1
-9007199254740993 1
-9007199254740993 2
-9007199254740993 3
-9007199254740993 7
-9007199254740993 17
-9007199254740993 9007199254740992
-9007199254740993 9007199254740993
-9007199254740993 1000000007
-9007199254740993 1000000000000000001
-9007199254740993 4611686018427387903
-9007199254740993 4611686018427387904
-9007199254740993 9223372036854775806
-9007199254740993 9223372036854775807
-9007199254740992 -9223372036854775808
-9007199254740992 -9223372036854775807
-9007199254740992 -9223372036854775806
-9007199254740992 -9223372036854775805
-9007199254740992 -9223372036854775803
-9007199254740992 -9223372036854775801
-9007199254740992 -4611686018427387904
-9007199254740992 -4611686018427387903
-9007199254740992 -1000000000000000001
-9007199254740992 -1000000007
-9007199254740992 -9007199254740993
-9007199254740992 -9007199254740992
-9007199254740992 -17
-9007199254740992 -7
-9007199254740992 -3
-9007199254740992 -2
-9007199254740992 -1
-9007199254740992 1
-9007199254740992 2
-9007199254740992 3
-9007199254740992 7
-9007199254740992 17
-9007199254740992 9007199254740992
-9007199254740992 9007199254740993
-9007199254740992 1000000007
-9007199254740992 1000000000000000001
-9007199254740992 4611686018427387903
-9007199254740992 4611686018427387904
-9007199254740992 9223372036854775806
-9007199254740992 9223372036854775807
-17 -9223372036854775808
-17 -9223372036854775807
-17 -9223372036854775806
-17 -9223372036854775805
-17 -9223372036854775803
-17 -9223372036854775801
-17 -4611686018427387904
-17 -4611686018427387903
-17 -1000000000000000001
-17 -1000000007
-17 -9007199254740993
-17 -9007199254740992
-17 -17
-17 -7
-17 -3
-17 -2
-17 -1
-17 1
-17 2
-17 3
-17 7
-17 17
-17 9007199254740992
-17 9007199254740993
-17 1000000007
-17 1000000000000000001
-17 4611686018427387903
-17 4611686018427387904
-17 9223372036854775806
-17 9223372036854775807
-7 -9223372036854775808
-7 -9223372036854775807
-7 -9223372036854775806
-7 -9223372036854775805
-7 -9223372036854775803
-7 -9223372036854775801
-7 -4611686018427387904
-7 -4611686018427387903
-7 -1000000000000000001
-7 -1000000007
-7 -9007199254740993
-7 -9007199254740992
-7 -17
-7 -7
-7 -3
-7 -2
-7 -1
-7 1
-7 2
-7 3
-7 7
-7 17
-7 9007199254740992
-7 9007199254740993
-7 1000000007
-7 1000000000000000001
-7 4611686018427387903
-7 4611686018427387904
-7 9223372036854775806
-7 9223372036854775807
-3 -9223372036854775808
-3 -9223372036854775807
-3 -9223372036854775806
-3 -9223372036854775805
-3 -9223372036854775803
-3 -9223372036854775801
-3 -4611686018427387904
-3 -4611686018427387903
-3 -1000000000000000001
-3 -1000000007
-3 -9007199254740993
-3 -9007199254740992
-3 -17
-3 -7
-3 -3
-3 -2
-3 -1
-3 1
-3 2
-3 3
-3 7
-3 17
-3 9007199254740992
-3 9007199254740993
-3 1000000007
-3 1000000000000000001
-3 4611686018427387903
-3 4611686018427387904
-3 9223372036854775806
-3 9223372036854775807
-2 -9223372036854775808
-2 -9223372036854775807
-2 -9223372036854775806
-2 -9223372036854775805
-2 -9223372036854775803
-2 -9223372036854775801
-2 -4611686018427387904
-2 -4611686018427387903
-2 -1000000000000000001
-2 -1000000007
-2 -9007199254740993
-2 -9007199254740992
-2 -17
-2 -7
-2 -3
-2 -2
-2 -1
-2 1
-2 2
-2 3
-2 7
-2 17
-2 9007199254740992
-2 9007199254740993
-2 1000000007
-2 1000000000000000001
-2 4611686018427387903
-2 4611686018427387904
-2 9223372036854775806
-2 9223372036854775807
-1 -9223372036854775808
-1 -9223372036854775807
-1 -9223372036854775806
-1 -9223372036854775805
-1 -9223372036854775803
-1 -9223372036854775801
-1 -4611686018427387904
-1 -4611686018427387903
-1 -1000000000000000001
-1 -1000000007
-1 -9007199254740993
-1 -9007199254740992
-1 -17
-1 -7
-1 -3
-1 -2
-1 -1
-1 1
-1 2
-1 3
-1 7
-1 17
-1 9007199254740992
-1 9007199254740993
-1 1000000007
-1 1000000000000000001
-1 4611686018427387903
-1 4611686018427387904
-1 9223372036854775806
-1 9223372036854775807
0 -9223372036854775808
0 -9223372036854775807
0 -9223372036854775806
0 -9223372036854775805
0 -9223372036854775803
0 -9223372036854775801
0 -4611686018427387904
0 -4611686018427387903
0 -1000000000000000001
0 -1000000007
0 -9007199254740993
0 -9007199254740992
0 -17
0 -7
0 -3
0 -2
0 -1
0 1
0 2
0 3
0 7
0 17
0 9007199254740992
0 9007199254740993
0 1000000007
0 1000000000000000001
0 4611686018427387903
0 4611686018427387904
0 9223372036854775806
0 9223372036854775807
1 -9223372036854775808
1 -9223372036854775807
1 -9223372036854775806
1 -9223372036854775805
1 -9223372036854775803
1 -9223372036854775801
1 -4611686018427387904
1 -4611686018427387903
1 -1000000000000000001
1 -1000000007
1 -9007199254740993
1 -9007199254740992
1 -17
1 -7
1 -3
1 -2
1 -1
1 1
1 2
1 3
1 7
1 17
1 9007199254740992
1 9007199254740993
1 1000000007
1 1000000000000000001
1 4611686018427387903
1 4611686018427387904
1 9223372036854775806
1 9223372036854775807
2 -9223372036854775808
2 -9223372036854775807
2 -9223372036854775806
2 -9223372036854775805
2 -9223372036854775803
2 -9223372036854775801
2 -4611686018427387904
2 -4611686018427387903
2 -1000000000000000001
2 -1000000007
2 -9007199254740993
2 -9007199254740992
2 -17
2 -7
2 -3
2 -2
2 -1
2 1
2 2
2 3
2 7
2 17
2 9007199254740992
2 9007199254740993
2 1000000007
2 1000000000000000001
2 4611686018427387903
2 4611686018427387904
2 9223372036854775806
2 9223372036854775807
3 -9223372036854775808
3 -9223372036854775807
3 -9223372036854775806
3 -9223372036854775805
3 -9223372036854775803
3 -9223372036854775801
3 -4611686018427387904
3 -4611686018427387903
3 -1000000000000000001
3 -1000000007
3 -9007199254740993
3 -9007199254740992
3 -17
3 -7
3 -3
3 -2
3 -1
3 1
3 2
3 3
3 7
3 17
3 9007199254740992
3 9007199254740993
3 1000000007
3 1000000000000000001
3 4611686018427387903
3 4611686018427387904
3 9223372036854775806
3 9223372036854775807
7 -9223372036854775808
7 -9223372036854775807
7 -9223372036854775806
7 -9223372036854775805
7 -9223372036854775803
7 -9223372036854775801
7 -4611686018427387904
7 -4611686018427387903
7 -1000000000000000001
7 -1000000007
7 -9007199254740993
7 -9007199254740992
7 -17
7 -7
7 -3
7 -2
7 -1
7 1
7 2
7 3
7 7
7 17
7 9007199254740992
7 9007199254740993
7 1000000007
7 1000000000000000001
7 4611686018427387903
7 4611686018427387904
7 9223372036854775806
7 9223372036854775807
17 -9223372036854775808
17 -9223372036854775807
17 -9223372036854775806
17 -9223372036854775805
17 -9223372036854775803
17 -9223372036854775801
17 -4611686018427387904
17 -4611686018427387903
17 -1000000000000000001
17 -1000000007
17 -9007199254740993
17 -9007199254740992
17 -17
17 -7
17 -3
17 -2
17 -1
17 1
17 2
17 3
17 7
17 17
17 9007199254740992
17 9007199254740993
17 1000000007
17 1000000000000000001
17 4611686018427387903
17 4611686018427387904
17 9223372036854775806
17 9223372036854775807
9007199254740992 -9223372036854775808
9007199254740992 -9223372036854775807
9007199254740992 -9223372036854775806
9007199254740992 -9223372036854775805
9007199254740992 -9223372036854775803
9007199254740992 -9223372036854775801
9007199254740992 -4611686018427387904
9007199254740992 -4611686018427387903
9007199254740992 -1000000000000000001
9007199254740992 -1000000007
9007199254740992 -9007199254740993
9007199254740992 -9007199254740992
9007199254740992 -17
9007199254740992 -7
9007199254740992 -3
9007199254740992 -2
9007199254740992 -1
9007199254740992 1
9007199254740992 2
9007199254740992 3
9007199254740992 7
9007199254740992 17
9007199254740992 9007199254740992
9007199254740992 9007199254740993
9007199254740992 1000000007
9007199254740992 1000000000000000001
9007199254740992 4611686018427387903
9007199254740992 4611686018427387904
9007199254740992 9223372036854775806
9007199254740992 9223372036854775807
9007199254740993 -9223372036854775808
9007199254740993 -9223372036854775807
9007199254740993 -9223372036854775806
9007199254740993 -9223372036854775805
9007199254740993 -9223372036854775803
9007199254740993 -9223372036854775801
9007199254740993 -4611686018427387904
9007199254740993 -4611686018427387903
9007199254740993 -1000000000000000001
9007199254740993 -1000000007
9007199254740993 -9007199254740993
9007199254740993 -9007199254740992
9007199254740993 -17
9007199254740993 -7
9007199254740993 -3
9007199254740993 -2
9007199254740993 -1
9007199254740993 1
9007199254740993 2
9007199254740993 3
9007199254740993 7
9007199254740993 17
9007199254740993 9007199254740992
9007199254740993 9007199254740993
9007199254740993 1000000007
9007199254740993 1000000000000000001
9007199254740993 4611686018427387903
9007199254740993 4611686018427387904
9007199254740993 9223372036854775806
9007199254740993 9223372036854775807
1000000007 -9223372036854775808
1000000007 -9223372036854775807
1000000007 -9223372036854775806
1000000007 -9223372036854775805
1000000007 -9223372036854775803
1000000007 -9223372036854775801
1000000007 -4611686018427387904
1000000007 -4611686018427387903
1000000007 -1000000000000000001
1000000007 -1000000007
1000000007 -9007199254740993
1000000007 -9007199254740992
1000000007 -17
1000000007 -7
1000000007 -3
1000000007 -2
1000000007 -1
1000000007 1
1000000007 2
1000000007 3
1000000007 7
1000000007 17
1000000007 9007199254740992
1000000007 9007199254740993
1000000007 1000000007
1000000007 1000000000000000001
1000000007 4611686018427387903
1000000007 4611686018427387904
1000000007 9223372036854775806
1000000007 9223372036854775807
1000000000000000001 -9223372036854775808
1000000000000000001 -9223372036854775807
1000000000000000001 -9223372036854775806
1000000000000000001 -9223372036854775805
1000000000000000001 -9223372036854775803
1000000000000000001 -9223372036854775801
1000000000000000001 -4611686018427387904
1000000000000000001 -4611686018427387903
1000000000000000001 -1000000000000000001
1000000000000000001 -1000000007
1000000000000000001 -9007199254740993
1000000000000000001 -9007199254740992
1000000000000000001 -17
1000000000000000001 -7
1000000000000000001 -3
1000000000000000001 -2
1000000000000000001 -1
1000000000000000001 1
1000000000000000001 2
1000000000000000001 3
1000000000000000001 7
1000000000000000001 17
1000000000000000001 9007199254740992
1000000000000000001 9007199254740993
1000000000000000001 1000000007
1000000000000000001 1000000000000000001
1000000000000000001 4611686018427387903
1000000000000000001 4611686018427387904
1000000000000000001 9223372036854775806
1000000000000000001 9223372036854775807
4611686018427387903 -9223372036854775808
4611686018427387903 -9223372036854775807
4611686018427387903 -9223372036854775806
4611686018427387903 -9223372036854775805
4611686018427387903 -9223372036854775803
4611686018427387903 -9223372036854775801
4611686018427387903 -4611686018427387904
4611686018427387903 -4611686018427387903
4611686018427387903 -1000000000000000001
4611686018427387903 -1000000007
4611686018427387903 -9007199254740993
4611686018427387903 -9007199254740992
4611686018427387903 -17
4611686018427387903 -7
4611686018427387903 -3
4611686018427387903 -2
4611686018427387903 -1
4611686018427387903 1
4611686018427387903 2
4611686018427387903 3
4611686018427387903 7
4611686018427387903 17
4611686018427387903 9007199254740992
4611686018427387903 9007199254740993
4611686018427387903 1000000007
4611686018427387903 1000000000000000001
4611686018427387903 4611686018427387903
4611686018427387903 4611686018427387904
4611686018427387903 9223372036854775806
4611686018427387903 9223372036854775807
4611686018427387904 -9223372036854775808
4611686018427387904 -9223372036854775807
4611686018427387904 -9223372036854775806
4611686018427387904 -9223372036854775805
4611686018427387904 -9223372036854775803
4611686018427387904 -9223372036854775801
4611686018427387904 -4611686018427387904
4611686018427387904 -4611686018427387903
4611686018427387904 -1000000000000000001
4611686018427387904 -1000000007
4611686018427387904 -9007199254740993
4611686018427387904 -9007199254740992
4611686018427387904 -17
4611686018427387904 -7
4611686018427387904 -3
4611686018427387904 -2
4611686018427387904 -1
4611686018427387904 1
4611686018427387904 2
4611686018427387904 3
4611686018427387904 7
4611686018427387904 17
4611686018427387904 9007199254740992
4611686018427387904 9007199254740993
4611686018427387904 1000000007
4611686018427387904 1000000000000000001
4611686018427387904 4611686018427387903
4611686018427387904 4611686018427387904
4611686018427387904 9223372036854775806
4611686018427387904 9223372036854775807
9223372036854775806 -9223372036854775808
9223372036854775806 -9223372036854775807
9223372036854775806 -9223372036854775806
9223372036854775806 -9223372036854775805
9223372036854775806 -9223372036854775803
9223372036854775806 -9223372036854775801
9223372036854775806 -4611686018427387904
9223372036854775806 -4611686018427387903
9223372036854775806 -1000000000000000001
9223372036854775806 -1000000007
9223372036854775806 -9007199254740993
9223372036854775806 -9007199254740992
9223372036854775806 -17
9223372036854775806 -7
9223372036854775806 -3
9223372036854775806 -2
9223372036854775806 -1
9223372036854775806 1
9223372036854775806 2
9223372036854775806 3
9223372036854775806 7
9223372036854775806 17
9223372036854775806 9007199254740992
9223372036854775806 9007199254740993
9223372036854775806 1000000007
9223372036854775806 1000000000000000001
9223372036854775806 4611686018427387903
9223372036854775806 4611686018427387904
9223372036854775806 9223372036854775806
9223372036854775806 9223372036854775807
9223372036854775807 -9223372036854775808
9223372036854775807 -9223372036854775807
9223372036854775807 -9223372036854775806
9223372036854775807 -9223372036854775805
9223372036854775807 -9223372036854775803
9223372036854775807 -9223372036854775801
9223372036854775807 -4611686018427387904
9223372036854775807 -4611686018427387903
9223372036854775807 -1000000000000000001
9223372036854775807 -1000000007
9223372036854775807 -9007199254740993
9223372036854775807 -9007199254740992
9223372036854775807 -17
9223372036854775807 -7
9223372036854775807 -3
9223372036854775807 -2
9223372036854775807 -1
9223372036854775807 1
9223372036854775807 2
9223372036854775807 3
9223372036854775807 7
9223372036854775807 17
9223372036854775807 9007199254740992
9223372036854775807 9007199254740993
9223372036854775807 1000000007
9223372036854775807 1000000000000000001
9223372036854775807 4611686018427387903
9223372036854775807 4611686018427387904
9223372036854775807 9223372036854775806
9223372036854775807 9223372036854775807
