0|v|0.125|0
1|v|0.125|0.1
2|v|0.125|0.12
3|v|0.125|0.125
4|v|0.125|0.1250
5|v|0.125|0.12500
6|v|0.125|0.125000
8|v|0.125|0.12500000
17|v|0.125|0.12500000000000000
0|v|0.375|0
1|v|0.375|0.4
2|v|0.375|0.38
3|v|0.375|0.375
4|v|0.375|0.3750
5|v|0.375|0.37500
6|v|0.375|0.375000
8|v|0.375|0.37500000
17|v|0.375|0.37500000000000000
0|v|0.625|1
1|v|0.625|0.6
2|v|0.625|0.62
3|v|0.625|0.625
4|v|0.625|0.6250
5|v|0.625|0.62500
6|v|0.625|0.625000
8|v|0.625|0.62500000
17|v|0.625|0.62500000000000000
0|v|0.875|1
1|v|0.875|0.9
2|v|0.875|0.88
3|v|0.875|0.875
4|v|0.875|0.8750
5|v|0.875|0.87500
6|v|0.875|0.875000
8|v|0.875|0.87500000
17|v|0.875|0.87500000000000000
0|v|0.0625|0
1|v|0.0625|0.1
2|v|0.0625|0.06
3|v|0.0625|0.062
4|v|0.0625|0.0625
5|v|0.0625|0.06250
6|v|0.0625|0.062500
8|v|0.0625|0.06250000
17|v|0.0625|0.06250000000000000
0|v|0.03125|0
1|v|0.03125|0.0
2|v|0.03125|0.03
3|v|0.03125|0.031
4|v|0.03125|0.0312
5|v|0.03125|0.03125
6|v|0.03125|0.031250
8|v|0.03125|0.03125000
17|v|0.03125|0.03125000000000000
0|v|0.0078125|0
1|v|0.0078125|0.0
2|v|0.0078125|0.01
3|v|0.0078125|0.008
4|v|0.0078125|0.0078
5|v|0.0078125|0.00781
6|v|0.0078125|0.007812
8|v|0.0078125|0.00781250
17|v|0.0078125|0.00781250000000000
0|v|2.625|3
1|v|2.625|2.6
2|v|2.625|2.62
3|v|2.625|2.625
4|v|2.625|2.6250
5|v|2.625|2.62500
6|v|2.625|2.625000
8|v|2.625|2.62500000
17|v|2.625|2.62500000000000000
0|v|4.125|4
1|v|4.125|4.1
2|v|4.125|4.12
3|v|4.125|4.125
4|v|4.125|4.1250
5|v|4.125|4.12500
6|v|4.125|4.125000
8|v|4.125|4.12500000
17|v|4.125|4.12500000000000000
0|v|8.5|8
1|v|8.5|8.5
2|v|8.5|8.50
3|v|8.5|8.500
4|v|8.5|8.5000
5|v|8.5|8.50000
6|v|8.5|8.500000
8|v|8.5|8.50000000
17|v|8.5|8.50000000000000000
0|v|0.5|0
1|v|0.5|0.5
2|v|0.5|0.50
3|v|0.5|0.500
4|v|0.5|0.5000
5|v|0.5|0.50000
6|v|0.5|0.500000
8|v|0.5|0.50000000
17|v|0.5|0.50000000000000000
0|v|1.5|2
1|v|1.5|1.5
2|v|1.5|1.50
3|v|1.5|1.500
4|v|1.5|1.5000
5|v|1.5|1.50000
6|v|1.5|1.500000
8|v|1.5|1.50000000
17|v|1.5|1.50000000000000000
0|v|2.5|2
1|v|2.5|2.5
2|v|2.5|2.50
3|v|2.5|2.500
4|v|2.5|2.5000
5|v|2.5|2.50000
6|v|2.5|2.500000
8|v|2.5|2.50000000
17|v|2.5|2.50000000000000000
0|v|3.5|4
1|v|3.5|3.5
2|v|3.5|3.50
3|v|3.5|3.500
4|v|3.5|3.5000
5|v|3.5|3.50000
6|v|3.5|3.500000
8|v|3.5|3.50000000
17|v|3.5|3.50000000000000000
0|v|4.5|4
1|v|4.5|4.5
2|v|4.5|4.50
3|v|4.5|4.500
4|v|4.5|4.5000
5|v|4.5|4.50000
6|v|4.5|4.500000
8|v|4.5|4.50000000
17|v|4.5|4.50000000000000000
0|v|10.5|10
1|v|10.5|10.5
2|v|10.5|10.50
3|v|10.5|10.500
4|v|10.5|10.5000
5|v|10.5|10.50000
6|v|10.5|10.500000
8|v|10.5|10.50000000
17|v|10.5|10.50000000000000000
0|v|-0.125|-0
1|v|-0.125|-0.1
2|v|-0.125|-0.12
3|v|-0.125|-0.125
4|v|-0.125|-0.1250
5|v|-0.125|-0.12500
6|v|-0.125|-0.125000
8|v|-0.125|-0.12500000
17|v|-0.125|-0.12500000000000000
0|v|-2.625|-3
1|v|-2.625|-2.6
2|v|-2.625|-2.62
3|v|-2.625|-2.625
4|v|-2.625|-2.6250
5|v|-2.625|-2.62500
6|v|-2.625|-2.625000
8|v|-2.625|-2.62500000
17|v|-2.625|-2.62500000000000000
0|v|-3.5|-4
1|v|-3.5|-3.5
2|v|-3.5|-3.50
3|v|-3.5|-3.500
4|v|-3.5|-3.5000
5|v|-3.5|-3.50000
6|v|-3.5|-3.500000
8|v|-3.5|-3.50000000
17|v|-3.5|-3.50000000000000000
0|v|-4.5|-4
1|v|-4.5|-4.5
2|v|-4.5|-4.50
3|v|-4.5|-4.500
4|v|-4.5|-4.5000
5|v|-4.5|-4.50000
6|v|-4.5|-4.500000
8|v|-4.5|-4.50000000
17|v|-4.5|-4.50000000000000000
0|v|1.005|1
1|v|1.005|1.0
2|v|1.005|1.00
3|v|1.005|1.005
4|v|1.005|1.0050
5|v|1.005|1.00500
6|v|1.005|1.005000
8|v|1.005|1.00500000
17|v|1.005|1.00499999999999989
0|v|2.675|3
1|v|2.675|2.7
2|v|2.675|2.67
3|v|2.675|2.675
4|v|2.675|2.6750
5|v|2.675|2.67500
6|v|2.675|2.675000
8|v|2.675|2.67500000
17|v|2.675|2.67499999999999982
0|v|0.145|0
1|v|0.145|0.1
2|v|0.145|0.14
3|v|0.145|0.145
4|v|0.145|0.1450
5|v|0.145|0.14500
6|v|0.145|0.145000
8|v|0.145|0.14500000
17|v|0.145|0.14499999999999999
0|v|0.35|0
1|v|0.35|0.3
2|v|0.35|0.35
3|v|0.35|0.350
4|v|0.35|0.3500
5|v|0.35|0.35000
6|v|0.35|0.350000
8|v|0.35|0.35000000
17|v|0.35|0.34999999999999998
0|v|0.45|0
1|v|0.45|0.5
2|v|0.45|0.45
3|v|0.45|0.450
4|v|0.45|0.4500
5|v|0.45|0.45000
6|v|0.45|0.450000
8|v|0.45|0.45000000
17|v|0.45|0.45000000000000001
0|v|0|0
1|v|0|0.0
2|v|0|0.00
3|v|0|0.000
4|v|0|0.0000
5|v|0|0.00000
6|v|0|0.000000
8|v|0|0.00000000
17|v|0|0.00000000000000000
0|v|-0.0|-0
1|v|-0.0|-0.0
2|v|-0.0|-0.00
3|v|-0.0|-0.000
4|v|-0.0|-0.0000
5|v|-0.0|-0.00000
6|v|-0.0|-0.000000
8|v|-0.0|-0.00000000
17|v|-0.0|-0.00000000000000000
0|v|1|1
1|v|1|1.0
2|v|1|1.00
3|v|1|1.000
4|v|1|1.0000
5|v|1|1.00000
6|v|1|1.000000
8|v|1|1.00000000
17|v|1|1.00000000000000000
0|v|-1|-1
1|v|-1|-1.0
2|v|-1|-1.00
3|v|-1|-1.000
4|v|-1|-1.0000
5|v|-1|-1.00000
6|v|-1|-1.000000
8|v|-1|-1.00000000
17|v|-1|-1.00000000000000000
0|v|0.1|0
1|v|0.1|0.1
2|v|0.1|0.10
3|v|0.1|0.100
4|v|0.1|0.1000
5|v|0.1|0.10000
6|v|0.1|0.100000
8|v|0.1|0.10000000
17|v|0.1|0.10000000000000001
0|v|-0.1|-0
1|v|-0.1|-0.1
2|v|-0.1|-0.10
3|v|-0.1|-0.100
4|v|-0.1|-0.1000
5|v|-0.1|-0.10000
6|v|-0.1|-0.100000
8|v|-0.1|-0.10000000
17|v|-0.1|-0.10000000000000001
0|v|0.7|1
1|v|0.7|0.7
2|v|0.7|0.70
3|v|0.7|0.700
4|v|0.7|0.7000
5|v|0.7|0.70000
6|v|0.7|0.700000
8|v|0.7|0.70000000
17|v|0.7|0.69999999999999996
0|v|0.56|1
1|v|0.56|0.6
2|v|0.56|0.56
3|v|0.56|0.560
4|v|0.56|0.5600
5|v|0.56|0.56000
6|v|0.56|0.560000
8|v|0.56|0.56000000
17|v|0.56|0.56000000000000005
0|v|0.3333333333333333|0
1|v|0.3333333333333333|0.3
2|v|0.3333333333333333|0.33
3|v|0.3333333333333333|0.333
4|v|0.3333333333333333|0.3333
5|v|0.3333333333333333|0.33333
6|v|0.3333333333333333|0.333333
8|v|0.3333333333333333|0.33333333
17|v|0.3333333333333333|0.33333333333333331
0|v|1e-7|0
1|v|1e-7|0.0
2|v|1e-7|0.00
3|v|1e-7|0.000
4|v|1e-7|0.0000
5|v|1e-7|0.00000
6|v|1e-7|0.000000
8|v|1e-7|0.00000010
17|v|1e-7|0.00000010000000000
0|v|1e-6|0
1|v|1e-6|0.0
2|v|1e-6|0.00
3|v|1e-6|0.000
4|v|1e-6|0.0000
5|v|1e-6|0.00000
6|v|1e-6|0.000001
8|v|1e-6|0.00000100
17|v|1e-6|0.00000100000000000
0|v|0.9999999|1
1|v|0.9999999|1.0
2|v|0.9999999|1.00
3|v|0.9999999|1.000
4|v|0.9999999|1.0000
5|v|0.9999999|1.00000
6|v|0.9999999|1.000000
8|v|0.9999999|0.99999990
17|v|0.9999999|0.99999990000000005
0|v|123456789.123|123456789
1|v|123456789.123|123456789.1
2|v|123456789.123|123456789.12
3|v|123456789.123|123456789.123
4|v|123456789.123|123456789.1230
5|v|123456789.123|123456789.12300
6|v|123456789.123|123456789.123000
8|v|123456789.123|123456789.12300000
17|v|123456789.123|123456789.12299999594688416
0|v|1e20|100000000000000000000
1|v|1e20|100000000000000000000.0
2|v|1e20|100000000000000000000.00
3|v|1e20|100000000000000000000.000
4|v|1e20|100000000000000000000.0000
5|v|1e20|100000000000000000000.00000
6|v|1e20|100000000000000000000.000000
8|v|1e20|100000000000000000000.00000000
17|v|1e20|100000000000000000000.00000000000000000
0|v|12345678901234567168|12345678901234567168
1|v|12345678901234567168|12345678901234567168.0
2|v|12345678901234567168|12345678901234567168.00
3|v|12345678901234567168|12345678901234567168.000
4|v|12345678901234567168|12345678901234567168.0000
5|v|12345678901234567168|12345678901234567168.00000
6|v|12345678901234567168|12345678901234567168.000000
8|v|12345678901234567168|12345678901234567168.00000000
17|v|12345678901234567168|12345678901234567168.00000000000000000
0|v|1.2345678901234567e19|12345678901234567168
1|v|1.2345678901234567e19|12345678901234567168.0
2|v|1.2345678901234567e19|12345678901234567168.00
3|v|1.2345678901234567e19|12345678901234567168.000
4|v|1.2345678901234567e19|12345678901234567168.0000
5|v|1.2345678901234567e19|12345678901234567168.00000
6|v|1.2345678901234567e19|12345678901234567168.000000
8|v|1.2345678901234567e19|12345678901234567168.00000000
17|v|1.2345678901234567e19|12345678901234567168.00000000000000000
0|v|1e300|1000000000000000052504760255204420248704468581108159154915854115511802457988908195786371375080447864043704443832883878176942523235360430575644792184786706982848387200926575803737830233794788090059368953234970799945081119038967640880074652742780142494579258788820056842838115669472196386865459400540160
1|v|1e300|1000000000000000052504760255204420248704468581108159154915854115511802457988908195786371375080447864043704443832883878176942523235360430575644792184786706982848387200926575803737830233794788090059368953234970799945081119038967640880074652742780142494579258788820056842838115669472196386865459400540160.0
2|v|1e300|1000000000000000052504760255204420248704468581108159154915854115511802457988908195786371375080447864043704443832883878176942523235360430575644792184786706982848387200926575803737830233794788090059368953234970799945081119038967640880074652742780142494579258788820056842838115669472196386865459400540160.00
3|v|1e300|1000000000000000052504760255204420248704468581108159154915854115511802457988908195786371375080447864043704443832883878176942523235360430575644792184786706982848387200926575803737830233794788090059368953234970799945081119038967640880074652742780142494579258788820056842838115669472196386865459400540160.000
4|v|1e300|1000000000000000052504760255204420248704468581108159154915854115511802457988908195786371375080447864043704443832883878176942523235360430575644792184786706982848387200926575803737830233794788090059368953234970799945081119038967640880074652742780142494579258788820056842838115669472196386865459400540160.0000
5|v|1e300|1000000000000000052504760255204420248704468581108159154915854115511802457988908195786371375080447864043704443832883878176942523235360430575644792184786706982848387200926575803737830233794788090059368953234970799945081119038967640880074652742780142494579258788820056842838115669472196386865459400540160.00000
6|v|1e300|1000000000000000052504760255204420248704468581108159154915854115511802457988908195786371375080447864043704443832883878176942523235360430575644792184786706982848387200926575803737830233794788090059368953234970799945081119038967640880074652742780142494579258788820056842838115669472196386865459400540160.000000
8|v|1e300|1000000000000000052504760255204420248704468581108159154915854115511802457988908195786371375080447864043704443832883878176942523235360430575644792184786706982848387200926575803737830233794788090059368953234970799945081119038967640880074652742780142494579258788820056842838115669472196386865459400540160.00000000
17|v|1e300|1000000000000000052504760255204420248704468581108159154915854115511802457988908195786371375080447864043704443832883878176942523235360430575644792184786706982848387200926575803737830233794788090059368953234970799945081119038967640880074652742780142494579258788820056842838115669472196386865459400540160.00000000000000000
0|v|-1e300|-1000000000000000052504760255204420248704468581108159154915854115511802457988908195786371375080447864043704443832883878176942523235360430575644792184786706982848387200926575803737830233794788090059368953234970799945081119038967640880074652742780142494579258788820056842838115669472196386865459400540160
1|v|-1e300|-1000000000000000052504760255204420248704468581108159154915854115511802457988908195786371375080447864043704443832883878176942523235360430575644792184786706982848387200926575803737830233794788090059368953234970799945081119038967640880074652742780142494579258788820056842838115669472196386865459400540160.0
2|v|-1e300|-1000000000000000052504760255204420248704468581108159154915854115511802457988908195786371375080447864043704443832883878176942523235360430575644792184786706982848387200926575803737830233794788090059368953234970799945081119038967640880074652742780142494579258788820056842838115669472196386865459400540160.00
3|v|-1e300|-1000000000000000052504760255204420248704468581108159154915854115511802457988908195786371375080447864043704443832883878176942523235360430575644792184786706982848387200926575803737830233794788090059368953234970799945081119038967640880074652742780142494579258788820056842838115669472196386865459400540160.000
4|v|-1e300|-1000000000000000052504760255204420248704468581108159154915854115511802457988908195786371375080447864043704443832883878176942523235360430575644792184786706982848387200926575803737830233794788090059368953234970799945081119038967640880074652742780142494579258788820056842838115669472196386865459400540160.0000
5|v|-1e300|-1000000000000000052504760255204420248704468581108159154915854115511802457988908195786371375080447864043704443832883878176942523235360430575644792184786706982848387200926575803737830233794788090059368953234970799945081119038967640880074652742780142494579258788820056842838115669472196386865459400540160.00000
6|v|-1e300|-1000000000000000052504760255204420248704468581108159154915854115511802457988908195786371375080447864043704443832883878176942523235360430575644792184786706982848387200926575803737830233794788090059368953234970799945081119038967640880074652742780142494579258788820056842838115669472196386865459400540160.000000
8|v|-1e300|-1000000000000000052504760255204420248704468581108159154915854115511802457988908195786371375080447864043704443832883878176942523235360430575644792184786706982848387200926575803737830233794788090059368953234970799945081119038967640880074652742780142494579258788820056842838115669472196386865459400540160.00000000
17|v|-1e300|-1000000000000000052504760255204420248704468581108159154915854115511802457988908195786371375080447864043704443832883878176942523235360430575644792184786706982848387200926575803737830233794788090059368953234970799945081119038967640880074652742780142494579258788820056842838115669472196386865459400540160.00000000000000000
0|v|1.7976931348623157e308|179769313486231570814527423731704356798070567525844996598917476803157260780028538760589558632766878171540458953514382464234321326889464182768467546703537516986049910576551282076245490090389328944075868508455133942304583236903222948165808559332123348274797826204144723168738177180919299881250404026184124858368
1|v|1.7976931348623157e308|179769313486231570814527423731704356798070567525844996598917476803157260780028538760589558632766878171540458953514382464234321326889464182768467546703537516986049910576551282076245490090389328944075868508455133942304583236903222948165808559332123348274797826204144723168738177180919299881250404026184124858368.0
2|v|1.7976931348623157e308|179769313486231570814527423731704356798070567525844996598917476803157260780028538760589558632766878171540458953514382464234321326889464182768467546703537516986049910576551282076245490090389328944075868508455133942304583236903222948165808559332123348274797826204144723168738177180919299881250404026184124858368.00
3|v|1.7976931348623157e308|179769313486231570814527423731704356798070567525844996598917476803157260780028538760589558632766878171540458953514382464234321326889464182768467546703537516986049910576551282076245490090389328944075868508455133942304583236903222948165808559332123348274797826204144723168738177180919299881250404026184124858368.000
4|v|1.7976931348623157e308|179769313486231570814527423731704356798070567525844996598917476803157260780028538760589558632766878171540458953514382464234321326889464182768467546703537516986049910576551282076245490090389328944075868508455133942304583236903222948165808559332123348274797826204144723168738177180919299881250404026184124858368.0000
5|v|1.7976931348623157e308|179769313486231570814527423731704356798070567525844996598917476803157260780028538760589558632766878171540458953514382464234321326889464182768467546703537516986049910576551282076245490090389328944075868508455133942304583236903222948165808559332123348274797826204144723168738177180919299881250404026184124858368.00000
6|v|1.7976931348623157e308|179769313486231570814527423731704356798070567525844996598917476803157260780028538760589558632766878171540458953514382464234321326889464182768467546703537516986049910576551282076245490090389328944075868508455133942304583236903222948165808559332123348274797826204144723168738177180919299881250404026184124858368.000000
8|v|1.7976931348623157e308|179769313486231570814527423731704356798070567525844996598917476803157260780028538760589558632766878171540458953514382464234321326889464182768467546703537516986049910576551282076245490090389328944075868508455133942304583236903222948165808559332123348274797826204144723168738177180919299881250404026184124858368.00000000
17|v|1.7976931348623157e308|179769313486231570814527423731704356798070567525844996598917476803157260780028538760589558632766878171540458953514382464234321326889464182768467546703537516986049910576551282076245490090389328944075868508455133942304583236903222948165808559332123348274797826204144723168738177180919299881250404026184124858368.00000000000000000
0|v|2.2250738585072014e-308|0
1|v|2.2250738585072014e-308|0.0
2|v|2.2250738585072014e-308|0.00
3|v|2.2250738585072014e-308|0.000
4|v|2.2250738585072014e-308|0.0000
5|v|2.2250738585072014e-308|0.00000
6|v|2.2250738585072014e-308|0.000000
8|v|2.2250738585072014e-308|0.00000000
17|v|2.2250738585072014e-308|0.00000000000000000
0|v|4.9e-324|0
1|v|4.9e-324|0.0
2|v|4.9e-324|0.00
3|v|4.9e-324|0.000
4|v|4.9e-324|0.0000
5|v|4.9e-324|0.00000
6|v|4.9e-324|0.000000
8|v|4.9e-324|0.00000000
17|v|4.9e-324|0.00000000000000000
0|v|9007199254740992|9007199254740992
1|v|9007199254740992|9007199254740992.0
2|v|9007199254740992|9007199254740992.00
3|v|9007199254740992|9007199254740992.000
4|v|9007199254740992|9007199254740992.0000
5|v|9007199254740992|9007199254740992.00000
6|v|9007199254740992|9007199254740992.000000
8|v|9007199254740992|9007199254740992.00000000
17|v|9007199254740992|9007199254740992.00000000000000000
0|v|9007199254740993|9007199254740992
1|v|9007199254740993|9007199254740992.0
2|v|9007199254740993|9007199254740992.00
3|v|9007199254740993|9007199254740992.000
4|v|9007199254740993|9007199254740992.0000
5|v|9007199254740993|9007199254740992.00000
6|v|9007199254740993|9007199254740992.000000
8|v|9007199254740993|9007199254740992.00000000
17|v|9007199254740993|9007199254740992.00000000000000000
0|v|0.049999999999999996|0
1|v|0.049999999999999996|0.0
2|v|0.049999999999999996|0.05
3|v|0.049999999999999996|0.050
4|v|0.049999999999999996|0.0500
5|v|0.049999999999999996|0.05000
6|v|0.049999999999999996|0.050000
8|v|0.049999999999999996|0.05000000
17|v|0.049999999999999996|0.05000000000000000
0|v|1.0000000000000002|1
1|v|1.0000000000000002|1.0
2|v|1.0000000000000002|1.00
3|v|1.0000000000000002|1.000
4|v|1.0000000000000002|1.0000
5|v|1.0000000000000002|1.00000
6|v|1.0000000000000002|1.000000
8|v|1.0000000000000002|1.00000000
17|v|1.0000000000000002|1.00000000000000022
0|v|-0.0000001|-0
1|v|-0.0000001|-0.0
2|v|-0.0000001|-0.00
3|v|-0.0000001|-0.000
4|v|-0.0000001|-0.0000
5|v|-0.0000001|-0.00000
6|v|-0.0000001|-0.000000
8|v|-0.0000001|-0.00000010
17|v|-0.0000001|-0.00000010000000000
0|b|7ff8000000000000|NaN
1|b|7ff8000000000000|NaN
2|b|7ff8000000000000|NaN
3|b|7ff8000000000000|NaN
0|b|fff8000000000000|NaN
1|b|fff8000000000000|NaN
2|b|fff8000000000000|NaN
3|b|fff8000000000000|NaN
0|b|7ff0000000000001|NaN
1|b|7ff0000000000001|NaN
2|b|7ff0000000000001|NaN
3|b|7ff0000000000001|NaN
0|b|7ff0000000000000|+Inf
1|b|7ff0000000000000|+Inf
2|b|7ff0000000000000|+Inf
3|b|7ff0000000000000|+Inf
0|b|fff0000000000000|-Inf
1|b|fff0000000000000|-Inf
2|b|fff0000000000000|-Inf
3|b|fff0000000000000|-Inf
0|b|8000000000000000|-0
1|b|8000000000000000|-0.0
2|b|8000000000000000|-0.00
3|b|8000000000000000|-0.000
0|b|0000000000000000|0
1|b|0000000000000000|0.0
2|b|0000000000000000|0.00
3|b|0000000000000000|0.000
0|b|0000000000000001|0
1|b|0000000000000001|0.0
2|b|0000000000000001|0.00
3|b|0000000000000001|0.000
0|b|000fffffffffffff|0
1|b|000fffffffffffff|0.0
2|b|000fffffffffffff|0.00
3|b|000fffffffffffff|0.000
0|b|0010000000000000|0
1|b|0010000000000000|0.0
2|b|0010000000000000|0.00
3|b|0010000000000000|0.000
0|b|7fefffffffffffff|179769313486231570814527423731704356798070567525844996598917476803157260780028538760589558632766878171540458953514382464234321326889464182768467546703537516986049910576551282076245490090389328944075868508455133942304583236903222948165808559332123348274797826204144723168738177180919299881250404026184124858368
1|b|7fefffffffffffff|179769313486231570814527423731704356798070567525844996598917476803157260780028538760589558632766878171540458953514382464234321326889464182768467546703537516986049910576551282076245490090389328944075868508455133942304583236903222948165808559332123348274797826204144723168738177180919299881250404026184124858368.0
2|b|7fefffffffffffff|179769313486231570814527423731704356798070567525844996598917476803157260780028538760589558632766878171540458953514382464234321326889464182768467546703537516986049910576551282076245490090389328944075868508455133942304583236903222948165808559332123348274797826204144723168738177180919299881250404026184124858368.00
3|b|7fefffffffffffff|179769313486231570814527423731704356798070567525844996598917476803157260780028538760589558632766878171540458953514382464234321326889464182768467546703537516986049910576551282076245490090389328944075868508455133942304583236903222948165808559332123348274797826204144723168738177180919299881250404026184124858368.000
0|b|3ff0000000000001|1
1|b|3ff0000000000001|1.0
2|b|3ff0000000000001|1.00
3|b|3ff0000000000001|1.000
0|b|bff0000000000000|-1
1|b|bff0000000000000|-1.0
2|b|bff0000000000000|-1.00
3|b|bff0000000000000|-1.000
0|b|3fd5555555555555|0
1|b|3fd5555555555555|0.3
2|b|3fd5555555555555|0.33
3|b|3fd5555555555555|0.333
0|b|c0c3880000000000|-10000
1|b|c0c3880000000000|-10000.0
2|b|c0c3880000000000|-10000.00
3|b|c0c3880000000000|-10000.000
0|b|4340000000000001|9007199254740994
1|b|4340000000000001|9007199254740994.0
2|b|4340000000000001|9007199254740994.00
3|b|4340000000000001|9007199254740994.000
0|v|0.6334896914538571|1
1|v|0.8063837539475641|0.8
2|v|0.1394132136427414|0.14
3|v|0.6548688914512654|0.655
4|v|0.9886649535244105|0.9887
5|v|0.7663140769196031|0.76631
6|v|0.40222655028266985|0.402227
8|v|0.560387546421684|0.56038755
17|v|0.05544143077326402|0.05544143077326402
0|v|0.06257408431186695|0
1|v|0.0929597134734329|0.1
2|v|0.022473834008249094|0.02
3|v|0.3180265470516094|0.318
4|v|0.9537827125669345|0.9538
5|v|0.02348163264509595|0.02348
6|v|0.0037945511661691134|0.003795
8|v|0.6741427306720831|0.67414273
17|v|0.4999285851019928|0.49992858510199278
0|v|0.9647053526133237|1
1|v|0.23098167430370697|0.2
2|v|0.02355662932614422|0.02
3|v|0.8250541877036737|0.825
4|v|0.537124329551738|0.5371
5|v|0.7026918465283782|0.70269
6|v|0.3250611012542266|0.325061
8|v|0.09917531753133313|0.09917532
17|v|0.10144986274323742|0.10144986274323742
0|v|0.8637010008407631|1
1|v|0.013501166494465977|0.0
2|v|0.20859254026458285|0.21
3|v|0.2586549308537597|0.259
4|v|0.8209246030515228|0.8209
5|v|0.7243311516479364|0.72433
6|v|0.365516684734712|0.365517
8|v|0.2540422231827715|0.25404222
17|v|0.7471480848104979|0.74714808481049788
0|v|0.6840384649250719|1
1|v|0.4247957833360836|0.4
2|v|0.567450698536115|0.57
3|v|0.7628978393886194|0.763
4|v|-550851.1200292272|-550851.1200
5|v|-864039.2628955715|-864039.26290
6|v|-834702.5983434338|-834702.598343
8|v|535004.2465442207|535004.24654422
17|v|-631106.92731984|-631106.92731983994599432
0|v|-116158.16132530908|-116158
1|v|745024.9192460142|745024.9
2|v|536110.2814552069|536110.28
3|v|-561572.2882474825|-561572.288
4|v|-629304.6093382491|-629304.6093
5|v|954314.4192074197|954314.41921
6|v|458630.8745696866|458630.874570
8|v|-48810.25230178144|-48810.25230178
17|v|709637.6595195096|709637.65951950964517891
0|v|101461.78098665061|101462
1|v|508759.9747052076|508760.0
2|v|-901235.969554816|-901235.97
3|v|915438.83888022|915438.839
4|v|151765.35942096822|151765.3594
5|v|-376510.0511806769|-376510.05118
6|v|609156.328222177|609156.328222
8|v|-122620.25426005584|-122620.25426006
17|v|196246.39629120077|196246.39629120077006519
0|v|-605667.03797104|-605667
1|v|-836149.1889228785|-836149.2
2|v|318237.8407988269|318237.84
3|v|536409.7888761321|536409.789
4|v|210694.09497983265|210694.0950
5|v|63789.79639425455|63789.79639
6|v|73407.01043256023|73407.010433
8|v|-262124.77717970998|-262124.77717971
17|v|-872522.4557036036|-872522.45570360356941819
0|v|-183721.8231813867|-183722
1|v|-398682.3451619408|-398682.3
2|v|118593.51131357276|118593.51
3|v|-201398.10812300735|-201398.108
4|v|883445.8961908158|883445.8962
5|v|-598987.7999830142|-598987.79998
6|v|-840026.9813913113|-840026.981391
8|v|681114.5445733154|681114.54457332
17|v|9.53707873830467e+19|95370787383046701056.00000000000000000
0|v|8.33566330258266e+20|833566330258265997312
1|v|1.9864278930225123e+20|198642789302251225088.0
2|v|5.161090512171578e+20|516109051217157816320.00
3|v|6.924482919641865e+20|692448291964186525696.000
4|v|6.754646580760634e+20|675464658076063367168.0000
5|v|2.8706081571446184e+20|287060815714461843456.00000
6|v|6.650095109132517e+20|665009510913251737600.000000
8|v|8.569665966888602e+20|856966596688860151808.00000000
17|v|9.104335562478048e+20|910433556247804772352.00000000000000000
0|v|4.5511436013471203e+20|455114360134712033280
1|v|7.949264292480084e+19|79492642924800835584.0
2|v|7.014945642360182e+20|701494564236018188288.00
3|v|1.7384994679115944e+19|17384994679115943936.000
4|v|4.4488687429709634e+20|444886874297096339456.0000
5|v|7.877924777296019e+20|787792477729601880064.00000
6|v|1.6058212420424086e+19|16058212420424085504.000000
8|v|6.27531860270189e+20|627531860270188986368.00000000
17|v|4.137526055456443e+20|413752605545644294144.00000000000000000
0|v|9.798775839831383e+20|979877583983138308096
1|v|-3.7387883594141224e-07|-0.0
2|v|4.388277540060472e-07|0.00
3|v|6.612958266100812e-07|0.000
4|v|-2.650077882586628e-07|-0.0000
5|v|-5.25284733920466e-07|-0.00000
6|v|9.170028682265685e-07|0.000001
8|v|-9.001292231776398e-07|-0.00000090
17|v|-6.326239412229531e-07|-0.00000063262394122
0|v|-2.2854009567299434e-07|-0
1|v|-5.288046796383525e-07|-0.0
2|v|8.235896633018494e-08|0.00
3|v|8.92066913173869e-07|0.000
4|v|2.857600191241604e-07|0.0000
5|v|4.374469969417982e-07|0.00000
6|v|6.821633773441036e-07|0.000001
8|v|9.371768517680366e-08|0.00000009
17|v|-7.515523467552105e-07|-0.00000075155234676
0|v|-6.820442705466326e-07|-0
1|v|4.035480203957511e-07|0.0
2|v|-4.038536620018385e-07|-0.00
0|b|7222d7283ab5a383|62814221602507613856919500644429449011684382815279755308324509255247724361596169966677290347016912194496608366433171403398903510075262737777731117825005049999538453519590383560685102821584019745016131832076225624889823492978377728880665427968
1|b|fdec65fe72129737|-37144952145394391416089772287350388886143137995000579214013048483973063029499001818077840412321039674547125258174021409549094468170527743360775072909296879807750365586196282113257842071991494945470810411466049478937703529111612674295540895622990346858085800857777197578932069153776403923991913299968.0
2|b|93548b905e5c7474|-0.00
3|b|d4d495104513e9a4|-45018605771519653151884663334646639213437469908974686792713561962761403594270569693618974267822571520.000
0|b|89a5b1d8560d8297|-0
1|b|0a3bf4d9c097ce13|0.0
2|b|7218d06eec35bea1|41365348509257663291102338309996897749427404685615922648835530816979124926505251982703488528490630530344386391292934261004158230147326361795844792743595121309053160371330328195230624787905392430555449372233210735494351132235614532877290569728.00
3|b|ab00ca3ee9896e77|-0.000
0|b|8c1a87369f4b56d2|-0
1|b|99fb6ec663bc45c1|-0.0
2|b|e06fc89649f9b43a|-3409181143433497839697656229427508931796228443393565149581845975092740181976285114816209363960814391677597325437129550912602088974501767371388504726954835968.00
3|b|1eefb5c0fe3f7f14|0.000
0|b|1d3f578cede15ff1|0
1|b|13f6a1e7b1243c1b|0.0
2|b|554949efe35fed0d|7080061766855846793499856032877511266163480451540826177159158250890569354068340180233491567245470466048.00
3|b|db589bdd1a845f0d|-1091715069931233174332063642149906215470835238424438044716226936287332097330193457266091030709563605105461709403807595690089433268224.000
0|b|fe0733f5bd72f56d|-121397365241596571025597543063048915930286882596250728930559182364618312142892654378746371596357345734081610204584312818083736700206808631921806987774500959967625818210937173445697018252332711843584058031656052103711419786465666166262312862871823345060712189648742067746901908145295335351144973074432
1|b|e99662adeefe4237|-428374173103955950243713252787175952439999431445959186466879397754548003866513978420611333007926427337257045482180829514282983849993356156932246465442601906683834395264482486715169584300354882286649344.0
2|b|d637d8f2005075e8|-218776306811141246884794412843978704426286323624897688391130721404070395497941418888861054159031972030054400.00
3|b|93a9ba74a4ae0b71|-0.000
0|b|4983b11756980427|14052511199339634062947272552420564603208990720
1|b|447364c8959f352e|5724005700970255220736.0
2|b|a17739631b6ebfdd|-0.00
3|b|def04b77aa8323f6|-208356359213912621292683768065036522577396176930522160687822859193038775929551386795319187753793054162459110599145357864649331874021201935171208609792.000
0|b|4fefc8ef35ae2cd6|115013749469070195155358157326941410590004140725060283247780781199290280181760
1|b|2027d9dd804b2962|0.0
2|b|cfae3e63d07da479|-6839809434651593548852547852556313224748090898583205506303687884487893450752.00
3|b|6a3dfe43d27ba20e|587733186291556198623589236151456708522013868005404752886408963956474251686127756484642935538175284244825303411813800362853056755128439890116634045567107474327452780948735401080911017050758820497450860544.000
0|b|cd8d4c489635f071|-385679710925536776803643450882120690290691425516249467966126555136
1|b|591e8c2308bb2028|19720261164680138528430456616915636936143997533315432439870014026705694381557436668903014010062069944609276070923367088128.0
2|b|25d6e1559c10c03b|0.00
3|b|86a09d76939d412c|-0.000
0|b|8beeb02e138b7d01|-0
1|b|a96e030a8be16eab|-0.0
2|b|de6d73444660ac57|-735490465239568104964694810858677358456011889442955187786574925666198900328250716059953593085135709041797455317082224935040093333870977435373142016.00
3|b|b0a52a49c6610000|-0.000
0|b|182163037f058744|0
1|b|73465a408c5ee086|19535902653783406476563710734325319225568917528203367842410738248111340570505399222666839635612519061599026502061296756295897799882447358123103130385920247388378804112930307986943990047279187870081037358536476763404393157189198099517365978100924416.0
2|b|02cb40cd2b05600a|0.00
3|b|41a81490706ca8fc|202000440.212
